482715
903164
156928
734201
618543
275890
841376
509214
367852
194630
728415
650391
913847
286504
471962
835170
602481
159374
748206
390815
561927
824603
135792
907451
468230
712984
253670
840519
396241
581703
914628
267345
703918
458127
129604
875341
630295
514872
982136
347560
761904
208653
495781
813260
176549
924803
580316
642795
301487
759214
864531
192875
437620
915308
268471
703546
841295
156740
920684
375918
681253
249570
538164
790341
462815
183629
854720
610943
297156
743890
528601
904372
165283
837519
492680
715034
260941
981753
346128
874205
531796
208415
697342
143980
826571
450863
719245
362804
958631
284719
603152
875904
140628
529317
768450
391826
912570
647183
235904
804671
